_ 0 1.919 275 275 275
_ 1 1.935 275 275 275
_ 2 1.951 276 272 275
_ 3 1.967 276 276 276
_ 4 1.999 276 276 276
_ 5 2.015 276 276 276
_ 6 2.031 275 275 275
_ 7 2.047 276 276 275
_ 8 2.063 276 276 276
_ 9 2.079 276 276 275
_ 10 2.095 276 276 276
_ 11 2.127 276 272 275
_ 12 2.143 275 275 275
_ 13 2.159 276 276 276
_ 14 2.175 275 275 275
_ 15 2.191 275 275 275
_ 16 2.207 276 276 276
_ 17 2.239 276 276 275
_ 18 2.255 276 276 275
_ 19 2.271 275 275 275
_ 20 2.287 275 275 275
_ 21 2.303 276 276 276
_ 22 2.319 275 275 275
_ 23 2.351 276 276 276
_ 24 2.367 276 276 276
_ 25 2.383 276 276 276
_ 26 2.399 273 275 275
_ 27 2.415 276 276 275
_ 28 2.431 276 276 276
_ 29 2.463 276 276 275
_ 30 2.479 276 276 276
_ 31 2.495 276 276 276
_ 32 2.511 276 276 275
_ 33 2.527 276 275 275
_ 34 2.543 276 276 276
_ 35 2.559 276 276 276
_ 36 2.591 276 276 276
_ 37 2.607 276 276 275
_ 38 2.623 276 276 275
_ 39 2.639 276 276 276
_ 40 2.655 276 276 276
_ 41 2.670 276 272 275
_ 42 2.703 276 276 276
_ 43 2.719 276 276 275
_ 44 2.735 275 275 275
_ 45 2.751 276 276 275
_ 46 2.767 276 276 276
_ 47 2.783 276 276 276
_ 48 2.815 276 275 275
_ 49 2.831 276 275 275
_ 50 2.847 276 276 275
_ 51 2.863 276 275 275
_ 52 2.879 276 276 275
_ 53 2.895 275 275 275
_ 54 2.927 276 275 275
_ 55 2.943 276 276 276
_ 56 2.959 276 276 275
_ 57 2.975 276 276 276
_ 58 2.991 275 275 275
_ 59 3.006 276 276 275
_ 60 3.022 276 272 275
_ 61 3.055 276 276 275
_ 62 3.070 276 276 276
_ 63 3.087 276 276 275
_ 64 3.103 276 276 275
_ 65 3.119 276 276 275
_ 66 3.135 276 276 276
_ 67 3.167 276 272 275
_ 68 3.183 276 276 276
_ 69 3.199 275 275 275
_ 70 3.215 276 276 275
_ 71 3.231 276 276 275
_ 72 3.247 276 276 275
_ 73 3.279 276 276 276
_ 74 3.295 276 275 275
_ 75 3.311 276 276 276
_ 76 3.327 276 275 275
_ 77 3.343 276 276 275
_ 78 3.359 276 276 275
_ 79 3.391 276 276 275
_ 80 3.407 276 276 276
_ 81 3.423 276 276 275
_ 82 3.439 276 276 276
_ 83 3.455 276 276 276
_ 84 3.470 275 275 275
_ 85 3.487 276 276 275
_ 86 3.519 276 276 276
_ 87 3.535 276 276 276
_ 88 3.551 276 272 275
_ 89 3.567 276 276 276
_ 90 3.583 276 276 276
_ 91 3.599 26f 275 275
_ 92 3.631 276 276 275
_ 93 3.647 276 276 276
_ 94 3.663 276 276 276
_ 95 3.679 26f 275 275
_ 96 3.695 276 276 276
_ 97 3.711 276 275 275
_ 98 3.743 276 276 275
_ 99 3.759 276 276 276
_ 100 3.775 276 276 275
_ 101 3.791 276 276 276
_ 102 3.807 276 276 275
_ 103 3.823 276 276 276
_ 104 3.854 276 276 276
_ 105 3.870 276 276 276
_ 106 3.887 276 276 276
_ 107 3.903 276 276 276
_ 108 3.919 276 276 275
_ 109 3.935 276 276 275
_ 110 3.951 276 276 275
_ 111 3.983 276 275 275
_ 112 3.999 276 275 275
_ 113 4.015 276 276 275
_ 114 4.031 276 276 276
_ 115 4.047 275 275 275
_ 116 4.063 276 275 275
_ 117 4.095 276 276 275
_ 118 4.111 276 276 275
_ 119 4.127 276 275 275
_ 120 4.143 276 276 276
_ 121 4.159 276 276 276
_ 122 4.175 276 272 275
_ 123 4.206 275 275 275
_ 124 4.223 276 276 276
_ 125 4.239 276 276 276
_ 126 4.255 276 276 276
_ 127 4.270 276 276 276
_ 128 4.287 276 276 276
_ 129 4.319 276 276 276
_ 130 4.335 276 276 275
_ 131 4.351 276 275 275
_ 132 4.367 276 276 275
_ 133 4.383 276 275 275
_ 134 4.399 275 275 275
_ 135 4.415 276 272 275
_ 136 4.447 275 275 275
_ 137 4.463 276 276 276
_ 138 4.478 276 276 276
_ 139 4.495 275 275 275
_ 140 4.511 275 275 275
_ 141 4.527 276 276 276
_ 142 4.559 276 276 276
_ 143 4.575 276 276 276
_ 144 4.591 276 276 275
_ 145 4.607 276 276 276
_ 146 4.623 276 276 276
_ 147 4.639 276 276 275
_ 148 4.670 276 276 275
_ 149 4.687 276 276 276
_ 150 4.703 276 276 276
_ 151 4.719 275 275 275
_ 152 4.735 275 275 275
_ 153 4.751 26f 275 275
_ 154 4.783 276 276 275
_ 155 4.799 276 276 276
_ 156 4.815 276 276 276
_ 157 4.831 276 275 275
_ 158 4.847 276 275 275
_ 159 4.863 276 276 276
_ 160 4.879 276 276 275
_ 161 4.911 276 276 275
_ 162 4.927 276 272 275
_ 163 4.943 276 276 275
_ 164 4.959 273 275 275
_ 165 4.975 276 276 276
_ 166 4.991 276 276 276
_ 167 5.023 276 276 276
_ 168 5.039 275 275 275
_ 169 5.055 276 276 275
_ 170 5.070 276 276 276
_ 171 5.087 276 276 275
_ 172 5.103 276 276 275
_ 173 5.135 275 275 275
_ 174 5.151 276 276 275
_ 175 5.167 276 276 276
_ 176 5.183 276 276 275
_ 177 5.199 276 276 275
_ 178 5.215 275 275 275
_ 179 5.247 276 276 276
_ 180 5.263 276 276 275
_ 181 5.279 276 276 275
_ 182 5.295 276 272 275
_ 183 5.311 276 276 275
_ 184 5.327 276 276 276
_ 185 5.343 276 276 275
_ 186 5.375 275 275 275
_ 187 5.391 276 276 275
_ 188 5.407 276 276 275
_ 189 5.423 276 276 276
_ 190 5.439 276 275 275
_ 191 5.455 276 272 275
_ 192 5.486 275 275 275
_ 193 5.503 276 276 276
_ 194 5.519 276 276 275
_ 195 5.535 276 276 275
_ 196 5.551 275 275 275
_ 197 5.567 276 276 276
_ 198 5.599 276 276 275
_ 199 5.615 276 275 275
_ 200 5.631 276 276 276
_ 201 5.647 276 276 276
_ 202 5.663 276 276 276
_ 203 5.679 276 276 275
_ 204 5.711 276 276 275
_ 205 5.727 276 276 275
_ 206 5.743 276 276 276
_ 207 5.759 276 276 276
_ 208 5.775 276 275 275
_ 209 5.791 276 276 276
_ 210 5.807 276 276 276
_ 211 5.839 276 276 275
_ 212 5.855 276 276 275
_ 213 5.870 276 276 276
_ 214 5.887 275 275 275
_ 215 5.903 276 276 276
_ 216 5.919 276 276 276
_ 217 5.951 276 276 275
_ 218 5.967 276 276 275
_ 219 5.983 276 276 276
_ 220 5.998 276 276 275
_ 221 6.015 276 276 276
_ 222 6.031 273 275 275
_ 223 6.062 276 276 275
_ 224 6.079 276 276 275
_ 225 6.095 276 276 276
_ 226 6.111 276 275 275
_ 227 6.127 276 275 275
_ 228 6.143 275 275 275
_ 229 6.174 276 275 275
_ 230 6.191 276 276 276
_ 231 6.207 276 276 276
_ 232 6.223 276 276 276
_ 233 6.239 276 276 276
_ 234 6.255 276 276 275
_ 235 6.270 276 275 275
_ 236 6.303 276 276 275
_ 237 6.319 276 276 276
_ 238 6.334 276 276 275
_ 239 6.350 276 275 275
_ 240 6.367 276 276 275
_ 241 6.383 275 275 275
_ 242 6.415 276 275 275
_ 243 6.431 276 276 276
_ 244 6.447 276 276 276
_ 245 6.463 276 272 275
_ 246 6.479 275 275 275
_ 247 6.495 276 276 276
_ 248 6.527 276 276 276
_ 249 6.543 276 276 276
_ 250 6.558 26f 275 275
_ 251 6.575 276 276 276
_ 252 6.591 276 276 275
_ 253 6.606 276 276 276
_ 254 6.639 276 276 275
_ 255 6.655 276 276 275
_ 256 6.670 26f 275 275
_ 257 6.686 276 276 276
_ 258 6.703 276 276 276
_ 259 6.718 276 276 276
_ 260 6.735 276 276 275
_ 261 6.767 276 276 276
_ 262 6.783 276 276 276
_ 263 6.799 276 276 276
_ 264 6.815 276 276 276
_ 265 6.831 26f 275 275
_ 266 6.846 276 276 276
_ 267 6.879 276 276 275
_ 268 6.895 275 275 275
_ 269 6.910 275 275 275
_ 270 6.926 276 276 275
_ 271 6.943 276 276 275
_ 272 6.959 276 276 276
_ 273 6.991 276 276 275
_ 274 7.007 276 276 276
_ 275 7.023 275 275 275
_ 276 7.039 276 276 275
_ 277 7.055 276 276 275
_ 278 7.070 276 276 275
_ 279 7.102 276 276 275
_ 280 7.119 276 276 276
_ 281 7.135 276 276 276
_ 282 7.151 276 276 276
_ 283 7.167 276 276 275
_ 284 7.183 276 275 275
_ 285 7.199 276 275 275
_ 286 7.230 276 276 276
_ 287 7.247 276 276 276
_ 288 7.263 276 272 275
_ 289 7.278 276 276 276
_ 290 7.295 276 276 276
_ 291 7.311 276 276 275
_ 292 7.343 275 275 275
_ 293 7.358 276 276 275
_ 294 7.374 276 276 276
_ 295 7.391 276 276 275
_ 296 7.406 276 276 275
_ 297 7.423 276 275 275
_ 298 7.454 276 275 275
_ 299 7.470 276 275 275
_ 300 7.486 276 276 275
_ 301 7.503 276 272 275
_ 302 7.519 275 275 275
_ 303 7.535 276 276 275
_ 304 7.567 276 276 276
_ 305 7.583 276 276 275
_ 306 7.599 276 276 275
_ 307 7.615 276 276 276
_ 308 7.631 276 275 275
_ 309 7.646 276 275 275
_ 310 7.663 276 276 276
_ 311 7.694 276 276 276
_ 312 7.710 276 276 276
_ 313 7.726 275 275 275
_ 314 7.743 276 276 276
_ 315 7.758 276 276 275
_ 316 7.774 276 272 275
_ 317 7.806 276 276 275
_ 318 7.823 276 276 275
_ 319 7.838 276 276 276
_ 320 7.854 276 276 275
_ 321 7.871 276 276 275
_ 322 7.886 276 276 276
_ 323 7.918 276 275 275
_ 324 7.934 276 272 275
_ 325 7.950 276 275 275
_ 326 7.966 276 276 276
_ 327 7.983 276 276 275
_ 328 7.999 276 275 275
_ 329 8.030 275 275 275
_ 330 8.046 276 272 275
_ 331 8.062 276 276 276
_ 332 8.078 276 276 275
_ 333 8.094 276 276 275
_ 334 8.110 276 275 275
_ 335 8.126 276 276 275
_ 336 8.158 276 276 276
_ 337 8.174 276 276 276
_ 338 8.191 276 276 275
_ 339 8.206 276 276 275
_ 340 8.223 276 276 275
_ 341 8.238 26f 275 275
_ 342 8.270 276 276 276
_ 343 8.286 276 276 275
_ 344 8.303 276 276 276
_ 345 8.318 276 276 276
_ 346 8.334 275 275 275
_ 347 8.350 276 276 275
_ 348 8.382 276 275 275
_ 349 8.398 276 276 275
_ 350 8.414 26f 275 275
_ 351 8.430 276 276 275
_ 352 8.446 276 276 276
_ 353 8.463 276 276 275
_ 354 8.494 275 275 275
_ 355 8.510 26f 275 275
_ 356 8.526 276 276 276
_ 357 8.543 276 276 275
_ 358 8.558 276 276 275
_ 359 8.574 276 275 275
_ 360 8.590 276 276 276
_ 361 8.623 276 276 275
_ 362 8.638 276 276 276
_ 363 8.655 276 276 275
_ 364 8.670 275 275 275
_ 365 8.686 275 275 275
_ 366 8.703 275 275 275
_ 367 8.734 276 276 275
_ 368 8.750 275 275 275
_ 369 8.766 276 276 276
_ 370 8.783 276 276 276
_ 371 8.798 276 276 276
_ 372 8.814 276 276 276
_ 373 8.846 276 276 275
_ 374 8.863 276 276 275
_ 375 8.879 276 276 276
_ 376 8.894 276 276 275
_ 377 8.910 276 276 275
_ 378 8.926 276 276 275
_ 379 8.958 276 276 276
_ 380 8.974 275 275 275
_ 381 8.990 276 276 275
_ 382 9.007 276 276 275
_ 383 9.022 276 275 275
_ 384 9.039 276 275 275
_ 385 9.055 276 276 276
_ 386 9.086 276 276 275
_ 387 9.103 276 276 275
_ 388 9.118 276 276 275
_ 389 9.134 276 276 276
_ 390 9.150 276 276 276
_ 391 9.166 276 275 275
_ 392 9.198 276 276 275
_ 393 9.214 276 276 276
_ 394 9.230 276 275 275
_ 395 9.247 276 276 276
_ 396 9.263 276 276 275
_ 397 9.278 276 276 275
_ 398 9.310 276 276 275
_ 399 9.326 276 276 276
_ 400 9.342 276 276 276
_ 401 9.358 276 276 276
_ 402 9.374 276 276 276
_ 403 9.390 276 275 275
_ 404 9.422 276 276 275
_ 405 9.438 276 272 275
_ 406 9.454 276 276 276
_ 407 9.470 276 276 276
_ 408 9.486 276 276 275
_ 409 9.502 276 276 276
_ 410 9.518 276 276 275
_ 411 9.550 276 276 275
_ 412 9.566 275 275 275
_ 413 9.583 276 276 276
_ 414 9.598 276 276 276
_ 415 9.614 26f 275 275
_ 416 9.631 276 276 276
_ 417 9.663 276 276 276
_ 418 9.680 276 276 276
_ 419 9.694 276 276 276
_ 420 9.710 276 276 275
_ 421 9.726 276 276 276
_ 422 9.743 276 276 276
_ 423 9.774 275 275 275
_ 424 9.790 276 276 275
_ 425 9.806 276 276 275
_ 426 9.823 26f 275 275
_ 427 9.839 276 276 276
_ 428 9.855 276 276 275
_ 429 9.886 276 276 275
_ 430 9.903 276 276 276
_ 431 9.919 276 276 275
_ 432 9.934 276 275 275
_ 433 9.950 276 276 276
_ 434 9.966 276 276 276
_ 435 9.983 276 276 276
_ 436 10.014 276 276 276
_ 437 10.030 276 276 276
_ 438 10.046 276 276 275
_ 439 10.063 276 276 275
_ 440 10.078 276 276 276
_ 441 10.094 276 276 276
_ 442 10.126 276 276 275
_ 443 10.143 276 276 276
_ 444 10.158 275 275 275
_ 445 10.174 276 276 276
_ 446 10.190 276 272 275
_ 447 10.207 276 276 276
_ 448 10.238 276 276 276
_ 449 10.255 276 276 275
_ 450 10.270 276 275 275
_ 451 10.286 276 276 276
_ 452 10.303 276 276 276
_ 453 10.318 276 276 275
_ 454 10.350 276 276 276
_ 455 10.366 276 275 275
_ 456 10.382 276 276 276
_ 457 10.398 276 276 275
_ 458 10.414 276 276 276
_ 459 10.430 276 275 275
_ 460 10.446 275 275 275
_ 461 10.478 276 275 275
_ 462 10.494 275 275 275
_ 463 10.511 276 276 275
_ 464 10.527 276 276 275
_ 465 10.543 276 276 275
_ 466 10.558 276 276 275
_ 467 10.590 276 276 276
_ 468 10.606 276 276 276
_ 469 10.622 276 272 275
_ 470 10.638 276 276 275
_ 471 10.654 276 276 276
_ 472 10.670 275 275 275
_ 473 10.702 276 275 275
_ 474 10.718 276 276 275
_ 475 10.734 276 276 276
_ 476 10.750 276 276 275
_ 477 10.766 276 276 275
_ 478 10.783 276 276 275
_ 479 10.814 276 276 275
_ 480 10.830 276 276 276
_ 481 10.846 276 276 275
_ 482 10.863 276 276 275
_ 483 10.878 276 276 275
_ 484 10.894 276 276 275
_ 485 10.910 273 275 275
_ 486 10.942 276 276 275
_ 487 10.958 275 275 275
_ 488 10.974 276 276 275
_ 489 10.990 276 276 276
_ 490 11.007 276 276 276
_ 491 11.022 276 276 276
_ 492 11.055 275 275 275
_ 493 11.070 275 275 275
_ 494 11.086 276 276 275
_ 495 11.102 276 276 276
_ 496 11.118 276 276 276
_ 497 11.134 275 275 275
_ 498 11.166 276 275 275
_ 499 11.182 275 275 275
_ 500 11.198 276 276 276
_ 501 11.214 276 276 275
_ 502 11.231 276 276 276
_ 503 11.246 276 276 275
_ 504 11.278 275 275 275
_ 505 11.294 275 275 275
_ 506 11.310 276 276 276
_ 507 11.326 276 276 276
_ 508 11.342 276 276 275
_ 509 11.358 276 276 276
_ 510 11.374 275 275 275
_ 511 11.406 276 275 275
_ 512 11.422 276 276 276
_ 513 11.438 26f 275 275
_ 514 11.454 276 275 275
_ 515 11.470 276 275 275
_ 516 11.486 26f 275 275
_ 517 11.518 276 276 276
_ 518 11.534 276 276 275
_ 519 11.551 276 276 276
_ 520 11.567 276 276 275
_ 521 11.583 276 276 276
_ 522 11.599 275 275 275
_ 523 11.630 276 276 276
_ 524 11.646 276 276 275
_ 525 11.663 276 276 276
_ 526 11.678 276 276 275
_ 527 11.694 276 276 275
_ 528 11.711 276 272 275
_ 529 11.741 276 276 276
_ 530 11.758 276 276 275
_ 531 11.774 276 276 275
_ 532 11.790 276 276 275
_ 533 11.806 276 276 275
_ 534 11.822 276 276 276
_ 535 11.838 276 276 275
_ 536 11.870 276 276 276
_ 537 11.886 276 276 275
_ 538 11.902 276 275 275
_ 539 11.918 276 272 275
_ 540 11.934 276 276 276
_ 541 11.950 276 276 276
_ 542 11.983 276 276 275
_ 543 11.998 276 276 276
_ 544 12.014 276 276 275
_ 545 12.030 276 276 276
_ 546 12.046 276 276 276
_ 547 12.062 276 276 275
_ 548 12.094 276 276 275
_ 549 12.110 276 276 275
_ 550 12.126 276 276 275
_ 551 12.143 276 276 276
_ 552 12.158 276 276 275
_ 553 12.174 276 276 276
_ 554 12.206 276 276 276
_ 555 12.222 276 276 276
_ 556 12.238 275 275 275
_ 557 12.254 276 276 275
_ 558 12.270 276 276 275
_ 559 12.286 276 276 276
_ 560 12.302 276 276 275
_ 561 12.334 276 272 275
_ 562 12.350 276 275 275
_ 563 12.366 276 276 275
_ 564 12.382 276 276 276
_ 565 12.398 276 276 275
_ 566 12.414 26f 275 275
_ 567 12.446 276 276 275
_ 568 12.462 276 276 276
_ 569 12.478 276 276 276
_ 570 12.494 276 276 276
_ 571 12.511 276 276 276
_ 572 12.527 276 276 275
_ 573 12.559 276 276 275
_ 574 12.574 276 275 275
_ 575 12.590 276 276 276
_ 576 12.606 273 275 275
_ 577 12.622 276 272 275
_ 578 12.638 276 276 276
_ 579 12.670 276 276 276
_ 580 12.686 276 276 276
_ 581 12.702 276 276 275
_ 582 12.718 276 272 275
_ 583 12.734 276 276 276
_ 584 12.750 276 276 276
_ 585 12.767 276 276 276
_ 586 12.798 276 275 275
_ 587 12.814 276 276 275
_ 588 12.830 276 276 276
_ 589 12.846 276 276 275
_ 590 12.862 276 276 275
_ 591 12.878 276 276 276
_ 592 12.910 276 276 275
_ 593 12.926 276 276 276
_ 594 12.943 276 276 276
_ 595 12.958 276 276 275
_ 596 12.974 276 276 276
_ 597 12.990 276 272 275
_ 598 13.022 276 272 275
_ 599 13.039 276 276 276
_ 600 13.054 276 276 275
_ 601 13.070 276 276 275
_ 602 13.086 276 276 275
_ 603 13.102 276 276 275
_ 604 13.134 276 276 275
_ 605 13.150 276 276 275
_ 606 13.166 276 276 276
_ 607 13.182 276 276 276
_ 608 13.198 276 276 275
_ 609 13.214 276 276 276
_ 610 13.230 276 275 275
_ 611 13.262 276 272 275
_ 612 13.278 276 275 275
_ 613 13.294 276 275 275
_ 614 13.310 276 276 276
_ 615 13.326 275 275 275
_ 616 13.342 276 276 275
_ 617 13.374 276 276 275
_ 618 13.390 276 276 276
_ 619 13.406 276 276 276
_ 620 13.422 276 275 275
_ 621 13.438 276 276 275
_ 622 13.454 276 275 275
_ 623 13.486 26f 275 275
_ 624 13.502 276 276 275
_ 625 13.518 276 276 276
_ 626 13.534 276 276 275
_ 627 13.550 276 276 275
_ 628 13.566 275 275 275
_ 629 13.582 276 275 275
_ 630 13.614 276 276 276
_ 631 13.630 276 272 275
_ 632 13.646 276 272 275
_ 633 13.662 276 275 275
_ 634 13.678 276 275 275
_ 635 13.694 275 275 275
_ 636 13.726 276 276 276
_ 637 13.742 276 276 275
_ 638 13.759 276 276 276
_ 639 13.774 276 276 275
_ 640 13.790 276 276 275
_ 641 13.806 276 272 275
_ 642 13.838 276 276 276
_ 643 13.854 276 272 275
_ 644 13.871 26f 275 275
_ 645 13.886 276 276 276
_ 646 13.902 276 276 276
_ 647 13.918 276 276 276
_ 648 13.950 276 276 275
_ 649 13.966 276 276 276
_ 650 13.982 276 276 276
_ 651 13.999 276 276 275
_ 652 14.015 276 275 275
_ 653 14.030 276 276 276
_ 654 14.046 276 276 275
_ 655 14.078 276 276 275
_ 656 14.094 276 275 275
_ 657 14.110 276 276 276
_ 658 14.126 276 276 275
_ 659 14.142 276 276 276
_ 660 14.158 276 276 275
_ 661 14.190 276 275 275
_ 662 14.206 276 276 276
_ 663 14.222 276 276 276
_ 664 14.239 276 276 275
_ 665 14.254 276 276 275
_ 666 14.270 276 276 276
_ 667 14.303 276 276 276
_ 668 14.318 276 276 275
_ 669 14.334 276 276 276
_ 670 14.350 276 275 275
_ 671 14.366 276 272 275
_ 672 14.382 275 275 275
_ 673 14.414 276 276 276
_ 674 14.430 275 275 275
_ 675 14.446 276 276 276
_ 676 14.462 276 276 275
_ 677 14.478 276 275 275
_ 678 14.494 276 276 276
_ 679 14.510 276 276 276
_ 680 14.542 275 275 275
_ 681 14.558 276 276 276
_ 682 14.574 276 275 275
_ 683 14.590 276 276 276
_ 684 14.606 275 275 275
_ 685 14.622 276 272 275
_ 686 14.654 276 276 275
_ 687 14.670 276 276 276
_ 688 14.686 276 276 275
_ 689 14.702 276 276 276
_ 690 14.718 276 276 276
_ 691 14.734 276 276 276
_ 692 14.766 276 275 275
_ 693 14.782 276 276 276
_ 694 14.798 276 276 276
_ 695 14.814 276 276 275
_ 696 14.830 276 276 276
_ 697 14.846 276 275 275
_ 698 14.878 275 275 275
_ 699 14.894 276 275 275
_ 700 14.910 276 276 275
_ 701 14.926 276 276 275
_ 702 14.942 275 275 275
_ 703 14.958 276 276 275
_ 704 14.974 276 276 275
_ 705 15.006 276 276 275
_ 706 15.022 276 276 275
_ 707 15.038 275 275 275
_ 708 15.055 276 276 276
_ 709 15.070 276 276 276
_ 710 15.086 276 276 276
_ 711 15.118 276 275 275
_ 712 15.134 276 276 275
_ 713 15.150 276 276 276
_ 714 15.166 276 276 276
_ 715 15.182 276 276 276
_ 716 15.198 276 276 275
_ 717 15.230 276 276 275
_ 718 15.246 276 275 275
_ 719 15.262 276 275 275
_ 720 15.278 276 276 276
_ 721 15.294 276 276 276
_ 722 15.310 276 276 276
_ 723 15.342 276 276 276
_ 724 15.358 26f 275 275
_ 725 15.374 276 276 276
_ 726 15.390 276 276 276
_ 727 15.406 276 272 275
_ 728 15.422 276 275 275
_ 729 15.438 276 275 275
_ 730 15.470 276 276 276
_ 731 15.486 276 276 276
_ 732 15.502 276 276 275
_ 733 15.518 275 275 275
_ 734 15.534 276 276 275
_ 735 15.550 276 276 276
_ 736 15.582 276 276 275
_ 737 15.598 276 276 275
_ 738 15.614 276 272 275
_ 739 15.631 276 276 276
_ 740 15.646 276 275 275
_ 741 15.662 276 276 276
_ 742 15.694 276 272 275
_ 743 15.710 276 276 276
_ 744 15.726 276 276 276
_ 745 15.742 276 272 275
_ 746 15.758 276 276 275
_ 747 15.774 276 276 275
_ 748 15.806 276 275 275
_ 749 15.822 276 276 276
_ 750 15.838 276 276 276
_ 751 15.854 276 276 276
_ 752 15.870 275 275 275
_ 753 15.886 276 276 276
_ 754 15.902 276 276 275
_ 755 15.934 276 276 275
_ 756 15.950 276 276 276
_ 757 15.966 276 276 276
_ 758 15.982 276 276 275
_ 759 15.998 276 276 276
_ 760 16.014 276 276 275
_ 761 16.046 276 275 275
_ 762 16.062 275 275 275
_ 763 16.078 276 276 276
_ 764 16.094 276 276 275
_ 765 16.110 276 276 276
_ 766 16.126 276 276 276
_ 767 16.159 275 275 275
_ 768 16.174 276 276 276
_ 769 16.190 276 276 275
_ 770 16.206 276 275 275
_ 771 16.222 276 276 276
_ 772 16.238 276 276 275
_ 773 16.270 276 276 276
_ 774 16.286 276 276 275
_ 775 16.302 276 276 275
_ 776 16.318 276 275 275
_ 777 16.334 276 276 275
_ 778 16.350 276 276 275
_ 779 16.366 276 276 275
_ 780 16.398 276 276 276
_ 781 16.414 276 276 276
_ 782 16.430 276 276 275
_ 783 16.446 276 276 276
_ 784 16.462 276 275 275
_ 785 16.478 276 276 275
_ 786 16.510 276 275 275
_ 787 16.526 276 276 276
_ 788 16.542 276 276 276
_ 789 16.558 276 276 276
_ 790 16.574 276 276 275
_ 791 16.590 276 276 275
_ 792 16.622 276 276 276
_ 793 16.638 276 276 276
_ 794 16.655 276 276 276
_ 795 16.670 26f 275 275
_ 796 16.686 276 276 276
_ 797 16.702 276 276 275
_ 798 16.734 276 272 275
_ 799 16.750 275 275 275
_ 800 16.767 276 275 275
_ 801 16.782 276 275 275
_ 802 16.798 276 276 275
_ 803 16.814 276 276 276
_ 804 16.830 276 276 275
_ 805 16.862 276 276 276
_ 806 16.878 276 276 275
_ 807 16.894 276 275 275
_ 808 16.910 276 275 275
_ 809 16.926 276 275 275
_ 810 16.942 276 275 275
_ 811 16.974 276 275 275
_ 812 16.990 273 275 275
_ 813 17.006 276 276 275
_ 814 17.022 276 276 275
_ 815 17.038 276 276 276
_ 816 17.054 276 276 276
_ 817 17.086 276 276 276
_ 818 17.102 276 272 275
_ 819 17.118 276 275 275
_ 820 17.134 276 276 275
_ 821 17.150 275 275 275
_ 822 17.166 276 272 275
_ 823 17.198 276 276 275
_ 824 17.214 276 276 275
_ 825 17.230 276 276 275
_ 826 17.246 276 275 275
_ 827 17.262 276 276 276
_ 828 17.278 276 276 275
_ 829 17.294 276 275 275
_ 830 17.326 276 275 275
_ 831 17.342 276 276 276
_ 832 17.358 276 276 275
_ 833 17.374 276 276 275
_ 834 17.391 276 276 275
_ 835 17.406 276 276 275
_ 836 17.438 275 275 275
_ 837 17.454 276 276 275
_ 838 17.470 276 276 276
_ 839 17.486 276 276 276
_ 840 17.502 276 276 276
_ 841 17.518 26f 275 275
_ 842 17.550 276 276 275
_ 843 17.566 276 275 275
_ 844 17.582 275 275 275
_ 845 17.598 276 276 276
_ 846 17.614 276 276 275
_ 847 17.630 276 276 275
_ 848 17.662 276 272 275
_ 849 17.678 276 276 275
_ 850 17.694 276 276 276
_ 851 17.710 276 275 275
_ 852 17.726 276 276 275
_ 853 17.742 276 276 276
_ 854 17.758 275 275 275
_ 855 17.790 276 276 276
_ 856 17.806 276 276 275
_ 857 17.823 276 276 275
_ 858 17.838 276 276 276
_ 859 17.855 276 276 276
_ 860 17.870 276 275 275
_ 861 17.902 276 276 276
_ 862 17.918 275 275 275
_ 863 17.935 276 276 276
_ 864 17.950 276 276 276
_ 865 17.966 276 276 275
_ 866 17.982 276 275 275
_ 867 18.014 276 275 275
_ 868 18.030 275 275 275
_ 869 18.046 276 276 276
_ 870 18.062 276 276 275
_ 871 18.078 276 276 276
_ 872 18.094 276 276 276
_ 873 18.126 276 276 276
_ 874 18.142 276 272 275
_ 875 18.158 276 276 276
_ 876 18.175 275 275 275
_ 877 18.190 275 275 275
_ 878 18.206 276 276 275
_ 879 18.222 276 276 275
_ 880 18.254 276 276 275
_ 881 18.270 276 276 276
_ 882 18.286 276 272 275
_ 883 18.302 276 276 275
_ 884 18.318 275 275 275
_ 885 18.334 276 276 275
_ 886 18.366 276 276 276
_ 887 18.383 275 275 275
_ 888 18.398 276 276 275
_ 889 18.414 276 276 275
_ 890 18.430 276 276 276
_ 891 18.446 276 276 276
_ 892 18.478 276 276 276
_ 893 18.494 276 276 276
_ 894 18.510 276 276 276
_ 895 18.526 276 276 275
_ 896 18.542 276 276 276
_ 897 18.558 276 275 275
_ 898 18.590 276 276 275
_ 899 18.606 276 276 276
_ 900 18.622 276 276 276
_ 901 18.638 276 276 275
_ 902 18.654 276 276 276
_ 903 18.670 276 276 276
_ 904 18.686 276 276 275
_ 905 18.718 276 272 275
_ 906 18.734 276 276 276
_ 907 18.750 276 276 275
_ 908 18.766 26f 275 275
_ 909 18.782 276 276 275
_ 910 18.798 276 275 275
_ 911 18.830 276 276 276
_ 912 18.846 276 276 276
_ 913 18.862 276 272 275
_ 914 18.878 276 272 275
_ 915 18.894 276 276 276
_ 916 18.910 275 275 275
_ 917 18.942 276 276 276
_ 918 18.958 276 276 275
_ 919 18.974 276 276 275
_ 920 18.990 276 276 275
_ 921 19.006 276 276 276
_ 922 19.022 276 276 275
_ 923 19.054 276 276 275
_ 924 19.070 275 275 275
_ 925 19.086 276 276 275
_ 926 19.102 276 276 275
_ 927 19.118 275 275 275
_ 928 19.134 276 276 276
_ 929 19.150 26f 275 275
_ 930 19.182 276 275 275
_ 931 19.198 276 276 275
_ 932 19.214 276 276 275
_ 933 19.230 276 276 275
_ 934 19.246 276 276 275
_ 935 19.262 276 276 275
_ 936 19.294 276 276 275
_ 937 19.310 276 276 276
_ 938 19.326 276 275 275
_ 939 19.342 276 276 276
_ 940 19.358 276 276 275
_ 941 19.374 276 276 275
_ 942 19.406 276 275 275
_ 943 19.422 276 275 275
_ 944 19.438 276 276 276
_ 945 19.454 276 276 276
_ 946 19.470 276 276 276
_ 947 19.486 275 275 275
_ 948 19.518 276 276 275
_ 949 19.534 276 275 275
_ 950 19.550 276 276 275
_ 951 19.566 276 276 275
_ 952 19.582 276 272 275
_ 953 19.598 26f 275 275
_ 954 19.614 276 276 276
_ 955 19.646 276 276 276
_ 956 19.662 276 276 276
_ 957 19.678 276 276 275
_ 958 19.694 276 276 275
_ 959 19.710 276 276 276
_ 960 19.726 275 275 275
_ 961 19.758 276 276 275
_ 962 19.774 276 276 276
_ 963 19.790 276 276 276
_ 964 19.806 275 275 275
_ 965 19.822 276 276 275
_ 966 19.838 276 276 275
_ 967 19.870 276 276 276
_ 968 19.886 276 276 275
_ 969 19.902 276 276 275
_ 970 19.918 276 276 275
_ 971 19.934 26f 275 275
_ 972 19.950 275 275 275
_ 973 19.982 276 276 276
_ 974 19.998 276 276 276
_ 975 20.014 276 272 275
_ 976 20.031 276 276 275
_ 977 20.046 276 275 275
_ 978 20.062 276 276 276
_ 979 20.078 276 276 275
_ 980 20.110 275 275 275
_ 981 20.126 276 276 276
_ 982 20.142 276 276 275
_ 983 20.158 276 276 275
_ 984 20.174 276 276 275
_ 985 20.190 276 276 275
_ 986 20.222 276 272 275
_ 987 20.238 276 276 276
_ 988 20.254 276 276 275
_ 989 20.270 276 276 276
_ 990 20.286 276 276 275
_ 991 20.302 276 276 276
_ 992 20.334 276 276 275
_ 993 20.350 276 272 275
_ 994 20.366 276 276 276
_ 995 20.382 276 276 276
_ 996 20.398 276 276 275
_ 997 20.414 276 272 275
_ 998 20.446 276 276 276
_ 999 20.462 276 276 275
_ 1000 20.478 276 276 276
_ 1001 20.494 276 276 276
_ 1002 20.510 276 276 275
_ 1003 20.526 276 276 275
_ 1004 20.542 275 275 275
_ 1005 20.574 276 276 275
_ 1006 20.590 276 276 275
_ 1007 20.606 276 276 276
_ 1008 20.622 276 276 276
_ 1009 20.638 276 275 275
_ 1010 20.654 276 276 276
_ 1011 20.686 275 275 275
_ 1012 20.702 275 275 275
_ 1013 20.718 275 275 275
_ 1014 20.734 276 276 275
_ 1015 20.750 276 276 275
_ 1016 20.766 276 272 275
_ 1017 20.798 276 276 276
_ 1018 20.814 276 276 275
_ 1019 20.830 276 274 275
_ 1020 20.846 276 276 276
_ 1021 20.862 276 276 275
_ 1022 20.878 276 276 276
_ 1023 20.910 276 276 276
_ 1024 20.926 276 272 275
_ 1025 20.942 276 276 276
