_ 0 2.703 5d2 5ce 5d1
_ 1 2.718 5d2 5d1 5d1
_ 2 2.734 5d1 5d1 5d1
_ 3 2.750 5d1 5d1 5d1
_ 4 2.766 5d1 5d1 5d1
_ 5 2.798 5d2 5ce 5d1
_ 6 2.814 5d1 5d1 5d1
_ 7 2.830 5d1 5d1 5d1
_ 8 2.846 5d2 5d2 5d1
_ 9 2.863 5d2 5d1 5d1
_ 10 2.879 5d1 5d1 5d1
_ 11 2.910 5d2 5d2 5d1
_ 12 2.926 5d1 5d1 5d0
_ 13 2.943 5d1 5d1 5d0
_ 14 2.958 5d1 5d1 5d1
_ 15 2.974 5d1 5d1 5d1
_ 16 2.990 5d2 5d2 5d1
_ 17 3.022 5d1 5d1 5d1
_ 18 3.038 5d1 5d1 5d0
_ 19 3.055 5d1 5d1 5d1
_ 20 3.070 5d2 5d2 5d1
_ 21 3.086 5d1 5d1 5d1
_ 22 3.103 5d2 5d2 5d1
_ 23 3.119 5d1 5d1 5d1
_ 24 3.150 5d2 5ce 5d1
_ 25 3.166 5d1 5d1 5d1
_ 26 3.183 5d2 5d2 5d1
_ 27 3.198 5d1 5d1 5d1
_ 28 3.214 5d2 5d1 5d1
_ 29 3.231 5d2 5d1 5d1
_ 30 3.263 5d1 5d1 5d0
_ 31 3.279 5d2 5d1 5d1
_ 32 3.294 5d2 5d1 5d1
_ 33 3.311 5d1 5d1 5d1
_ 34 3.326 5d1 5d1 5d1
_ 35 3.343 5d1 5d1 5d1
_ 36 3.374 5d2 5ce 5d1
_ 37 3.390 5d1 5d1 5d1
_ 38 3.406 5d2 5d2 5d1
_ 39 3.423 5d1 5d1 5d1
_ 40 3.438 5d1 5d1 5d1
_ 41 3.454 5d2 5d1 5d1
_ 42 3.486 5d1 5d1 5d1
_ 43 3.503 5d2 5d1 5d1
_ 44 3.518 5d1 5d1 5d1
_ 45 3.534 5d2 5d1 5d1
_ 46 3.550 5d1 5d1 5d1
_ 47 3.566 5d1 5d1 5d1
_ 48 3.583 5d1 5d1 5d1
_ 49 3.615 5d2 5d2 5d1
_ 50 3.631 5d1 5d1 5d1
_ 51 3.647 5d2 5d1 5d1
_ 52 3.663 5d1 5d1 5d1
_ 53 3.678 5d1 5d1 5d1
_ 54 3.694 5d1 5d1 5d1
_ 55 3.726 5d1 5d1 5d0
_ 56 3.743 5d2 5d2 5d1
_ 57 3.758 5d2 5d2 5d1
_ 58 3.774 5d2 5d1 5d1
_ 59 3.790 5d1 5d1 5d1
_ 60 3.807 5d1 5d1 5d1
_ 61 3.838 5d1 5d1 5d1
_ 62 3.854 5d2 5d1 5d1
_ 63 3.870 5d1 5d1 5d0
_ 64 3.886 5d2 5d2 5d1
_ 65 3.903 5d1 5d1 5d1
_ 66 3.918 5d1 5d1 5d1
_ 67 3.950 5d1 5d1 5d1
_ 68 3.966 5d1 5d1 5d1
_ 69 3.982 5d1 5d1 5d1
_ 70 3.998 5d1 5d1 5d0
_ 71 4.014 5d2 5d2 5d1
_ 72 4.030 5d2 5ce 5d1
_ 73 4.046 5d1 5d1 5d1
_ 74 4.079 5d2 5d2 5d1
_ 75 4.094 5d2 5d2 5d1
_ 76 4.110 5d1 5d1 5d1
_ 77 4.126 5d1 5d1 5d0
_ 78 4.143 5d2 5d2 5d1
_ 79 4.158 5d1 5d1 5d1
_ 80 4.190 5d1 5d1 5d1
_ 81 4.206 5d1 5d1 5d1
_ 82 4.223 5d2 5d2 5d1
_ 83 4.238 5d1 5d1 5d1
_ 84 4.255 5d1 5d1 5d1
_ 85 4.271 5d1 5d1 5d1
_ 86 4.302 5d1 5d1 5d1
_ 87 4.318 5d1 5d1 5d1
_ 88 4.334 5cb 5d1 5d1
_ 89 4.350 5d1 5d1 5d1
_ 90 4.366 5d1 5d1 5d1
_ 91 4.382 5d1 5d1 5d0
_ 92 4.414 5d1 5d1 5d1
_ 93 4.430 5d2 5ce 5d1
_ 94 4.446 5d1 5d1 5d1
_ 95 4.463 5d2 5d2 5d1
_ 96 4.479 5d1 5d1 5d1
_ 97 4.494 5d2 5d1 5d1
_ 98 4.510 5d1 5d1 5d0
_ 99 4.543 5d2 5d1 5d1
_ 100 4.558 5d2 5d2 5d1
_ 101 4.574 5d1 5d1 5d1
_ 102 4.590 5d1 5d1 5d1
_ 103 4.606 5d1 5d1 5d1
_ 104 4.623 5d2 5d1 5d1
_ 105 4.654 5d1 5d1 5d1
_ 106 4.670 5d1 5d1 5d1
_ 107 4.686 5d1 5d1 5d0
_ 108 4.703 5d2 5d2 5d1
_ 109 4.718 5d1 5d1 5d1
_ 110 4.734 5d1 5d1 5d1
_ 111 4.766 5d2 5d1 5d1
_ 112 4.783 5d1 5d1 5d1
_ 113 4.798 5d2 5d2 5d1
_ 114 4.814 5d2 5d2 5d1
_ 115 4.830 5d2 5d2 5d1
_ 116 4.846 5d1 5d1 5d1
_ 117 4.878 5d1 5d1 5d0
_ 118 4.894 5d1 5d1 5d1
_ 119 4.911 5d2 5d2 5d1
_ 120 4.926 5d1 5d1 5d1
_ 121 4.943 5d2 5d2 5d1
_ 122 4.959 5d2 5ce 5d1
_ 123 4.975 5d1 5d1 5d1
_ 124 5.006 5d1 5d1 5d1
_ 125 5.023 5d2 5d1 5d1
_ 126 5.038 5d1 5d1 5d1
_ 127 5.054 5cb 5d1 5d1
_ 128 5.070 5d2 5d1 5d1
_ 129 5.086 5d1 5d1 5d1
_ 130 5.118 5d1 5d1 5d1
_ 131 5.134 5d1 5d1 5d1
_ 132 5.150 5d2 5d1 5d1
_ 133 5.166 5d1 5d1 5d1
_ 134 5.183 5d2 5d2 5d1
_ 135 5.198 5d1 5d1 5d1
_ 136 5.230 5d1 5d1 5d0
_ 137 5.246 5d1 5d1 5d1
_ 138 5.263 5d1 5d1 5d1
_ 139 5.279 5d2 5d2 5d1
_ 140 5.294 5d1 5d1 5d1
_ 141 5.310 5d1 5d1 5d0
_ 142 5.342 5d2 5ce 5d1
_ 143 5.358 5d1 5d1 5d0
_ 144 5.374 5d1 5d1 5d1
_ 145 5.390 5d1 5d1 5d1
_ 146 5.406 5d1 5d1 5d0
_ 147 5.423 5d1 5d1 5d1
_ 148 5.438 5d2 5d1 5d1
_ 149 5.470 5d1 5d1 5d0
_ 150 5.486 5d2 5ce 5d1
_ 151 5.503 5d2 5d1 5d1
_ 152 5.519 5d1 5d1 5d1
_ 153 5.534 5d1 5d1 5d0
_ 154 5.551 5d1 5d1 5d1
_ 155 5.583 5d1 5d1 5d0
_ 156 5.598 5d1 5d1 5d1
_ 157 5.614 5d1 5d1 5d1
_ 158 5.630 5d1 5d1 5d1
_ 159 5.646 5d2 5d1 5d1
_ 160 5.663 5d1 5d1 5d1
_ 161 5.694 5d1 5d1 5d1
_ 162 5.710 5d2 5d2 5d1
_ 163 5.726 5d2 5ce 5d1
_ 164 5.742 5d1 5d1 5d1
_ 165 5.759 5d1 5d1 5d0
_ 166 5.774 5d2 5ce 5d1
_ 167 5.806 5d1 5d1 5d0
_ 168 5.822 5d1 5d1 5d1
_ 169 5.838 5d1 5d1 5d1
_ 170 5.854 5d1 5d1 5d1
_ 171 5.870 5d1 5d1 5d1
_ 172 5.886 5d2 5d2 5d1
_ 173 5.903 5d2 5d1 5d1
_ 174 5.934 5d2 5d2 5d1
_ 175 5.950 5d2 5d2 5d1
_ 176 5.966 5d1 5d1 5d1
_ 177 5.983 5d2 5d2 5d1
_ 178 5.998 5d1 5d1 5d1
_ 179 6.014 5d1 5d1 5d0
_ 180 6.046 5d1 5d1 5d1
_ 181 6.063 5d2 5d1 5d1
_ 182 6.079 5d1 5d1 5d1
_ 183 6.095 5d1 5d1 5d1
_ 184 6.111 5d1 5d1 5d0
_ 185 6.127 5d2 5d1 5d1
_ 186 6.158 5d2 5d1 5d1
_ 187 6.174 5d2 5d1 5d1
_ 188 6.190 5d2 5d2 5d1
_ 189 6.206 5d1 5d1 5d1
_ 190 6.223 5d1 5d1 5d1
_ 191 6.239 5d1 5d1 5d1
_ 192 6.270 5d2 5d1 5d1
_ 193 6.286 5d2 5d2 5d1
_ 194 6.303 5d1 5d1 5d1
_ 195 6.319 5d1 5d1 5d0
_ 196 6.334 5d2 5ce 5d1
_ 197 6.350 5d2 5ce 5d1
_ 198 6.366 5d1 5d1 5d1
_ 199 6.398 5d2 5d2 5d1
_ 200 6.414 5d1 5d1 5d1
_ 201 6.430 5d1 5d1 5d1
_ 202 6.446 5d1 5d1 5d1
_ 203 6.463 5d1 5d1 5d0
_ 204 6.479 5d1 5d1 5d1
_ 205 6.510 5d2 5d2 5d1
_ 206 6.526 5d1 5d1 5d1
_ 207 6.543 5d1 5d1 5d1
_ 208 6.558 5d1 5d1 5d0
_ 209 6.574 5d1 5d1 5d1
_ 210 6.590 5d1 5d1 5d1
_ 211 6.623 5d1 5d1 5d1
_ 212 6.638 5d2 5d1 5d1
_ 213 6.654 5d1 5d1 5d0
_ 214 6.670 5d2 5d2 5d1
_ 215 6.686 5d1 5d1 5d1
_ 216 6.703 5d1 5d1 5d1
_ 217 6.734 5d1 5d1 5d1
_ 218 6.751 5d1 5d1 5d1
_ 219 6.767 5d1 5d1 5d0
_ 220 6.783 5d2 5d2 5d1
_ 221 6.798 5d1 5d1 5d0
_ 222 6.814 5d1 5d1 5d1
_ 223 6.830 5d1 5d1 5d1
_ 224 6.863 5d1 5d1 5d1
_ 225 6.879 5d2 5d2 5d1
_ 226 6.894 5d1 5d1 5d1
_ 227 6.910 5d1 5d1 5d1
_ 228 6.926 5d1 5d1 5d1
_ 229 6.943 5d2 5d2 5d1
_ 230 6.974 5d2 5d1 5d1
_ 231 6.990 5d2 5d2 5d1
_ 232 7.006 5d1 5d1 5d1
_ 233 7.023 5d1 5d1 5d0
_ 234 7.038 5d1 5d1 5d1
_ 235 7.054 5d1 5d1 5d1
_ 236 7.086 5d1 5d1 5d1
_ 237 7.103 5d1 5d1 5d1
_ 238 7.118 5d1 5d1 5d1
_ 239 7.134 5d1 5d1 5d1
_ 240 7.150 5d2 5d2 5d1
_ 241 7.166 5d2 5d1 5d1
_ 242 7.198 5d2 5d1 5d1
_ 243 7.214 5d1 5d1 5d1
_ 244 7.230 5d1 5d1 5d1
_ 245 7.246 5d1 5d1 5d0
_ 246 7.263 5d2 5d1 5d1
_ 247 7.279 5d1 5d1 5d1
_ 248 7.294 5d1 5d1 5d1
_ 249 7.326 5cb 5d1 5d1
_ 250 7.343 5d1 5d1 5d1
_ 251 7.359 5d1 5d1 5d0
_ 252 7.374 5d2 5d2 5d1
_ 253 7.391 5d1 5d1 5d1
_ 254 7.407 5d2 5d1 5d1
_ 255 7.438 5d1 5d1 5d1
_ 256 7.454 5d2 5d1 5d1
_ 257 7.470 5d2 5d1 5d1
_ 258 7.487 5d1 5d1 5d1
_ 259 7.502 5d1 5d1 5d1
_ 260 7.518 5d1 5d1 5d1
_ 261 7.550 5d1 5d1 5d1
_ 262 7.566 5d1 5d1 5d1
_ 263 7.583 5d1 5d1 5d0
_ 264 7.598 5d2 5d2 5d1
_ 265 7.614 5d1 5d1 5d1
_ 266 7.630 5d1 5d1 5d0
_ 267 7.662 5d1 5d1 5d1
_ 268 7.679 5d1 5d1 5d1
_ 269 7.694 5d1 5d1 5d1
_ 270 7.710 5d2 5d2 5d1
_ 271 7.726 5d2 5d2 5d1
_ 272 7.743 5d2 5d2 5d1
_ 273 7.758 5d1 5d1 5d1
_ 274 7.790 5d1 5d1 5d1
_ 275 7.806 5d2 5d2 5d1
_ 276 7.823 5d1 5d1 5d1
_ 277 7.838 5d1 5d1 5d1
_ 278 7.854 5d2 5d1 5d1
_ 279 7.870 5d2 5d2 5d1
_ 280 7.903 5d1 5d1 5d1
_ 281 7.918 5d2 5d1 5d1
_ 282 7.934 5d2 5d2 5d1
_ 283 7.950 5d1 5d1 5d1
_ 284 7.966 5d2 5ce 5d1
_ 285 7.983 5d1 5d1 5d1
_ 286 8.014 5d2 5d2 5d1
_ 287 8.030 5d2 5d2 5d1
_ 288 8.046 5d2 5d1 5d1
_ 289 8.063 5d1 5d1 5d0
_ 290 8.079 5d1 5d1 5d1
_ 291 8.094 5d1 5d1 5d1
_ 292 8.126 5d1 5d1 5d1
_ 293 8.143 5d2 5d2 5d1
_ 294 8.158 5d1 5d1 5d1
_ 295 8.174 5d1 5d1 5d1
_ 296 8.190 5d2 5d2 5d1
_ 297 8.206 5d1 5d1 5d1
_ 298 8.223 5d1 5d1 5d1
_ 299 8.254 5d1 5d1 5d1
_ 300 8.270 5d1 5d1 5d1
_ 301 8.287 5cb 5d1 5d1
_ 302 8.303 5d2 5d2 5d1
_ 303 8.319 5d2 5d2 5d1
_ 304 8.334 5d1 5d1 5d1
_ 305 8.366 5d1 5d1 5d1
_ 306 8.383 5d1 5d1 5d1
_ 307 8.398 5d1 5d1 5d1
_ 308 8.414 5d2 5d1 5d1
_ 309 8.430 5d1 5d1 5d1
_ 310 8.446 5d2 5d2 5d1
_ 311 8.479 5d2 5d2 5d1
_ 312 8.494 5d1 5d1 5d1
_ 313 8.510 5d1 5d1 5d1
_ 314 8.526 5d1 5d1 5d1
_ 315 8.543 5d2 5d2 5d1
_ 316 8.558 5d1 5d1 5d0
_ 317 8.590 5d1 5d1 5d0
_ 318 8.606 5d2 5d2 5d1
_ 319 8.622 5d2 5d1 5d1
_ 320 8.638 5d1 5d1 5d1
_ 321 8.654 5d1 5d1 5d0
_ 322 8.670 5d2 5d1 5d1
_ 323 8.686 5d1 5d1 5d0
_ 324 8.718 5d1 5d1 5d1
_ 325 8.734 5cb 5d1 5d1
_ 326 8.750 5d1 5d1 5d1
_ 327 8.766 5d1 5d1 5d1
_ 328 8.783 5d1 5d1 5d1
_ 329 8.798 5d1 5d1 5d1
_ 330 8.830 5d2 5ce 5d1
_ 331 8.847 5d1 5d1 5d1
_ 332 8.863 5d2 5d2 5d1
_ 333 8.879 5d2 5d1 5d1
_ 334 8.894 5d2 5d1 5d1
_ 335 8.910 5d1 5d1 5d1
_ 336 8.942 5d2 5d2 5d1
_ 337 8.958 5d1 5d1 5d1
_ 338 8.974 5d1 5d1 5d1
_ 339 8.990 5d1 5d1 5d1
_ 340 9.006 5d2 5d2 5d1
_ 341 9.022 5d2 5d1 5d1
_ 342 9.054 5d1 5d1 5d1
_ 343 9.070 5d1 5d1 5d0
_ 344 9.086 5d1 5d1 5d1
_ 345 9.103 5d1 5d1 5d1
_ 346 9.118 5d1 5d1 5d1
_ 347 9.134 5d1 5d1 5d1
_ 348 9.150 5d1 5d1 5d1
_ 349 9.183 5d1 5d1 5d1
_ 350 9.198 5cb 5d1 5d1
_ 351 9.214 5d1 5d1 5d1
_ 352 9.230 5d2 5d1 5d1
_ 353 9.246 5d1 5d1 5d1
_ 354 9.263 5d2 5d2 5d1
_ 355 9.294 5d2 5d2 5d1
_ 356 9.310 5d2 5d2 5d1
_ 357 9.326 5d1 5d1 5d0
_ 358 9.342 5d1 5d1 5d0
_ 359 9.358 5d2 5d2 5d1
_ 360 9.374 5d2 5d2 5d1
_ 361 9.406 5d2 5d1 5d1
_ 362 9.423 5d2 5d2 5d1
_ 363 9.438 5d1 5d1 5d0
_ 364 9.454 5d1 5d1 5d1
_ 365 9.470 5d2 5d1 5d1
_ 366 9.486 5d1 5d1 5d1
_ 367 9.518 5d2 5d2 5d1
_ 368 9.535 5d1 5d1 5d1
_ 369 9.551 5d1 5d1 5d1
_ 370 9.566 5d1 5d1 5d1
_ 371 9.582 5d2 5ce 5d1
_ 372 9.598 5d2 5d1 5d1
_ 373 9.614 5d1 5d1 5d1
_ 374 9.646 5d1 5d1 5d0
_ 375 9.663 5d1 5d1 5d1
_ 376 9.679 5d1 5d1 5d1
_ 377 9.694 5d1 5d1 5d0
_ 378 9.710 5d1 5d1 5d0
_ 379 9.726 5d1 5d1 5d1
_ 380 9.758 5d2 5d2 5d1
_ 381 9.774 5d2 5d1 5d1
_ 382 9.790 5d1 5d1 5d1
_ 383 9.806 5d1 5d1 5d1
_ 384 9.823 5d2 5ce 5d1
_ 385 9.838 5d1 5d1 5d1
_ 386 9.870 5d1 5d1 5d1
_ 387 9.886 5d1 5d1 5d0
_ 388 9.903 5d1 5d1 5d1
_ 389 9.918 5d1 5d1 5d1
_ 390 9.934 5d1 5d1 5d1
_ 391 9.950 5d1 5d1 5d1
_ 392 9.982 5d1 5d1 5d0
_ 393 9.998 5d1 5d1 5d1
_ 394 10.014 5d1 5d1 5d1
_ 395 10.031 5d1 5d1 5d1
_ 396 10.047 5d1 5d1 5d1
_ 397 10.063 5d1 5d1 5d0
_ 398 10.079 5d2 5d2 5d1
_ 399 10.110 5d2 5d2 5d1
_ 400 10.126 5d1 5d1 5d1
_ 401 10.142 5d1 5d1 5d1
_ 402 10.158 5d1 5d1 5d1
_ 403 10.174 5d2 5ce 5d1
_ 404 10.190 5d2 5d2 5d1
_ 405 10.223 5cb 5d1 5d1
_ 406 10.238 5d1 5d1 5d1
_ 407 10.254 5d2 5d1 5d1
_ 408 10.270 5d1 5d1 5d1
_ 409 10.286 5d1 5d1 5d1
_ 410 10.302 5d1 5d1 5d1
_ 411 10.334 5d1 5d1 5d0
_ 412 10.350 5d1 5d1 5d1
_ 413 10.366 5d1 5d1 5d1
_ 414 10.383 5d2 5d2 5d1
_ 415 10.398 5d1 5d1 5d0
_ 416 10.414 5d2 5d2 5d1
_ 417 10.446 5d2 5d1 5d1
_ 418 10.462 5cf 5d1 5d1
_ 419 10.479 5d1 5d1 5d0
_ 420 10.494 5d1 5d1 5d1
_ 421 10.510 5d1 5d1 5d0
_ 422 10.526 5cb 5d1 5d1
_ 423 10.542 5d1 5d1 5d1
_ 424 10.574 5d1 5d1 5d1
_ 425 10.590 5d1 5d1 5d1
_ 426 10.606 5d1 5d1 5d0
_ 427 10.622 5d2 5d2 5d1
_ 428 10.638 5d1 5d1 5d0
_ 429 10.654 5d2 5d2 5d1
_ 430 10.686 5d1 5d1 5d1
_ 431 10.702 5d1 5d1 5d1
_ 432 10.718 5d1 5d1 5d1
_ 433 10.734 5d1 5d1 5d0
_ 434 10.750 5d1 5d1 5d1
_ 435 10.766 5d1 5d1 5d1
_ 436 10.798 5d2 5d2 5d1
_ 437 10.814 5d1 5d1 5d1
_ 438 10.830 5d1 5d1 5d1
_ 439 10.846 5d2 5d2 5d1
_ 440 10.863 5d2 5d2 5d1
_ 441 10.879 5d1 5d1 5d1
_ 442 10.911 5d2 5d2 5d1
_ 443 10.926 5d1 5d1 5d1
_ 444 10.942 5d1 5d1 5d1
_ 445 10.958 5d1 5d1 5d1
_ 446 10.974 5d1 5d1 5d0
_ 447 10.990 5d1 5d1 5d1
_ 448 11.006 5d2 5d1 5d1
_ 449 11.038 5d1 5d1 5d0
_ 450 11.054 5d1 5d1 5d1
_ 451 11.070 5d2 5d1 5d1
_ 452 11.086 5d1 5d1 5d1
_ 453 11.102 5d1 5d1 5d0
_ 454 11.118 5d2 5d1 5d1
_ 455 11.150 5d2 5d1 5d1
_ 456 11.166 5d2 5d2 5d1
_ 457 11.182 5d1 5d1 5d1
_ 458 11.198 5d1 5d1 5d1
_ 459 11.214 5d2 5ce 5d1
_ 460 11.230 5d1 5d1 5d1
_ 461 11.262 5d1 5d1 5d1
_ 462 11.279 5d2 5d2 5d1
_ 463 11.294 5d2 5d2 5d1
_ 464 11.310 5d1 5d1 5d1
_ 465 11.326 5d2 5d1 5d1
_ 466 11.343 5d2 5d2 5d1
_ 467 11.374 5d1 5d1 5d1
_ 468 11.390 5d2 5d2 5d1
_ 469 11.406 5d1 5d1 5d1
_ 470 11.423 5d1 5d1 5d1
_ 471 11.438 5d1 5d1 5d0
_ 472 11.454 5d1 5d1 5d1
_ 473 11.470 5d1 5d1 5d1
_ 474 11.502 5d2 5d2 5d1
_ 475 11.518 5d1 5d1 5d1
_ 476 11.534 5d2 5d2 5d1
_ 477 11.550 5d1 5d1 5d1
_ 478 11.566 5d2 5d2 5d1
_ 479 11.582 5d2 5ce 5d1
_ 480 11.614 5d1 5d1 5d1
_ 481 11.630 5d1 5d1 5d1
_ 482 11.646 5d1 5d1 5d0
_ 483 11.662 5d2 5d1 5d1
_ 484 11.679 5cb 5d1 5d1
_ 485 11.694 5d1 5d1 5d1
_ 486 11.726 5d1 5d1 5d1
_ 487 11.742 5d1 5d1 5d1
_ 488 11.758 5d2 5ce 5d1
_ 489 11.775 5d1 5d1 5d1
_ 490 11.790 5d2 5d2 5d1
_ 491 11.806 5d1 5d1 5d1
_ 492 11.838 5d2 5d2 5d1
_ 493 11.854 5d1 5d1 5d0
_ 494 11.870 5d2 5d2 5d1
_ 495 11.886 5d1 5d1 5d1
_ 496 11.902 5d1 5d1 5d0
_ 497 11.918 5d2 5d2 5d1
_ 498 11.934 5d2 5d2 5d1
_ 499 11.966 5d1 5d1 5d0
_ 500 11.982 5d1 5d1 5d0
_ 501 11.998 5d1 5d1 5d0
_ 502 12.014 5d1 5d1 5d0
_ 503 12.030 5d2 5d2 5d1
_ 504 12.046 5d1 5d1 5d0
_ 505 12.079 5d1 5d1 5d1
_ 506 12.094 5d1 5d1 5d0
_ 507 12.110 5d1 5d1 5d1
_ 508 12.126 5d2 5d1 5d1
_ 509 12.142 5d2 5d1 5d1
_ 510 12.158 5d1 5d1 5d1
_ 511 12.190 5d1 5d1 5d1
_ 512 12.206 5d1 5d1 5d1
_ 513 12.222 5d1 5d1 5d1
_ 514 12.238 5d2 5d1 5d1
_ 515 12.254 5d2 5ce 5d1
_ 516 12.270 5d1 5d1 5d1
_ 517 12.302 5d2 5d2 5d1
_ 518 12.318 5d1 5d1 5d1
_ 519 12.334 5d1 5d1 5d0
_ 520 12.350 5d1 5d1 5d1
_ 521 12.366 5d1 5d1 5d1
_ 522 12.383 5d1 5d1 5d1
_ 523 12.398 5d1 5d1 5d1
_ 524 12.430 5d1 5d1 5d1
_ 525 12.446 5d1 5d1 5d1
_ 526 12.463 5d2 5d2 5d1
_ 527 12.478 5d2 5d1 5d1
_ 528 12.495 5d1 5d1 5d1
_ 529 12.510 5d1 5d1 5d0
_ 530 12.542 5cb 5d1 5d1
_ 531 12.558 5d1 5d1 5d1
_ 532 12.574 5d2 5d2 5d1
_ 533 12.590 5d2 5ce 5d1
_ 534 12.607 5d1 5d1 5d1
_ 535 12.623 5d2 5ce 5d1
_ 536 12.654 5d1 5d1 5d1
_ 537 12.670 5d1 5d1 5d1
_ 538 12.686 5d1 5d1 5d1
_ 539 12.702 5d1 5d1 5d1
_ 540 12.718 5d1 5d1 5d1
_ 541 12.734 5cb 5d1 5d1
_ 542 12.766 5d2 5d2 5d1
_ 543 12.782 5d2 5d2 5d1
_ 544 12.798 5d1 5d1 5d1
_ 545 12.814 5d1 5d1 5d1
_ 546 12.830 5d1 5d1 5d1
_ 547 12.846 5d1 5d1 5d1
_ 548 12.862 5d2 5d2 5d1
_ 549 12.894 5d2 5d1 5d1
_ 550 12.910 5d1 5d1 5d1
_ 551 12.926 5d1 5d1 5d1
_ 552 12.942 5d1 5d1 5d1
_ 553 12.958 5cb 5d1 5d1
_ 554 12.974 5d1 5d1 5d1
_ 555 13.006 5d2 5d1 5d1
_ 556 13.022 5d2 5d2 5d1
_ 557 13.038 5d1 5d1 5d0
_ 558 13.054 5d1 5d1 5d1
_ 559 13.070 5d2 5d2 5d1
_ 560 13.086 5d1 5d1 5d1
_ 561 13.118 5d2 5d2 5d1
_ 562 13.134 5d1 5d1 5d1
_ 563 13.150 5cb 5d1 5d1
_ 564 13.166 5d1 5d1 5d1
_ 565 13.182 5d1 5d1 5d1
_ 566 13.198 5d1 5d1 5d1
_ 567 13.230 5d2 5d2 5d1
_ 568 13.246 5d2 5d1 5d1
_ 569 13.262 5d2 5d1 5d1
_ 570 13.279 5d2 5d1 5d1
_ 571 13.294 5d1 5d1 5d1
_ 572 13.310 5d1 5d1 5d1
_ 573 13.326 5d1 5d1 5d1
_ 574 13.358 5d2 5d2 5d1
_ 575 13.374 5d1 5d1 5d1
_ 576 13.390 5d2 5ce 5d1
_ 577 13.406 5d1 5d1 5d1
_ 578 13.422 5d1 5d1 5d1
_ 579 13.438 5d1 5d1 5d0
_ 580 13.470 5d2 5d1 5d1
_ 581 13.486 5d1 5d1 5d1
_ 582 13.503 5d1 5d1 5d1
_ 583 13.518 5d2 5ce 5d1
_ 584 13.534 5d2 5d2 5d1
_ 585 13.550 5d2 5d1 5d1
_ 586 13.582 5d1 5d1 5d1
_ 587 13.598 5d1 5d1 5d1
_ 588 13.614 5d2 5d2 5d1
_ 589 13.630 5d1 5d1 5d1
_ 590 13.646 5d1 5d1 5d1
_ 591 13.662 5d1 5d1 5d0
_ 592 13.694 5d1 5d1 5d0
_ 593 13.710 5d2 5d1 5d1
_ 594 13.726 5d2 5d2 5d1
_ 595 13.742 5d2 5d2 5d1
_ 596 13.758 5d1 5d1 5d1
_ 597 13.774 5d1 5d1 5d1
_ 598 13.790 5d1 5d1 5d1
_ 599 13.822 5d2 5ce 5d1
_ 600 13.838 5d1 5d1 5d1
_ 601 13.854 5d1 5d1 5d1
_ 602 13.870 5d1 5d1 5d0
_ 603 13.886 5d1 5d1 5d1
_ 604 13.902 5d1 5d1 5d1
_ 605 13.935 5d2 5d1 5d1
_ 606 13.950 5cb 5d1 5d1
_ 607 13.966 5d1 5d1 5d1
_ 608 13.982 5d2 5d2 5d1
_ 609 13.998 5d2 5d1 5d1
_ 610 14.014 5d2 5d1 5d1
_ 611 14.046 5d2 5ce 5d1
_ 612 14.063 5d1 5d1 5d1
_ 613 14.079 5d1 5d1 5d0
_ 614 14.094 5d1 5d1 5d1
_ 615 14.110 5d1 5d1 5d1
_ 616 14.126 5d2 5d1 5d1
_ 617 14.158 5d1 5d1 5d1
_ 618 14.174 5d2 5d1 5d1
_ 619 14.190 5d2 5d1 5d1
_ 620 14.206 5d1 5d1 5d1
_ 621 14.222 5d2 5d1 5d1
_ 622 14.238 5d2 5d2 5d1
_ 623 14.254 5d2 5d1 5d1
_ 624 14.286 5d1 5d1 5d1
_ 625 14.302 5d1 5d1 5d1
_ 626 14.318 5d2 5ce 5d1
_ 627 14.334 5d1 5d1 5d0
_ 628 14.350 5d1 5d1 5d1
_ 629 14.366 5d2 5d2 5d1
_ 630 14.398 5d1 5d1 5d1
_ 631 14.414 5d2 5d1 5d1
_ 632 14.430 5d1 5d1 5d1
_ 633 14.446 5d2 5d2 5d1
_ 634 14.463 5d1 5d1 5d1
_ 635 14.478 5d1 5d1 5d1
_ 636 14.510 5d1 5d1 5d0
_ 637 14.526 5d1 5d1 5d1
_ 638 14.542 5d1 5d1 5d1
_ 639 14.558 5d2 5d2 5d1
_ 640 14.574 5d1 5d1 5d1
_ 641 14.590 5d1 5d1 5d0
_ 642 14.622 5d2 5ce 5d1
_ 643 14.638 5d1 5d1 5d1
_ 644 14.654 5d1 5d1 5d1
_ 645 14.670 5d1 5d1 5d0
_ 646 14.686 5d1 5d1 5d0
_ 647 14.702 5d2 5d2 5d1
_ 648 14.718 5d1 5d1 5d1
_ 649 14.750 5d2 5d1 5d1
_ 650 14.766 5d2 5d2 5d1
_ 651 14.782 5d2 5d2 5d1
_ 652 14.798 5d2 5d2 5d1
_ 653 14.814 5d1 5d1 5d1
_ 654 14.830 5d2 5d2 5d1
_ 655 14.862 5d1 5d1 5d1
_ 656 14.878 5d1 5d1 5d1
_ 657 14.894 5d2 5ce 5d1
_ 658 14.910 5d2 5d2 5d1
_ 659 14.926 5cb 5d1 5d1
_ 660 14.942 5d1 5d1 5d0
_ 661 14.974 5d1 5d1 5d1
_ 662 14.990 5d1 5d1 5d0
_ 663 15.006 5d2 5d2 5d1
_ 664 15.022 5d1 5d1 5d0
_ 665 15.038 5d1 5d1 5d1
_ 666 15.054 5d1 5d1 5d1
_ 667 15.086 5d2 5d2 5d1
_ 668 15.102 5d1 5d1 5d0
_ 669 15.118 5d1 5d1 5d0
_ 670 15.134 5d2 5d1 5d1
_ 671 15.150 5d1 5d1 5d1
_ 672 15.166 5d2 5d2 5d1
_ 673 15.182 5d1 5d1 5d1
_ 674 15.214 5d1 5d1 5d0
_ 675 15.230 5d2 5d2 5d1
_ 676 15.246 5d1 5d1 5d1
_ 677 15.262 5d1 5d1 5d0
_ 678 15.278 5d2 5d2 5d1
_ 679 15.294 5d2 5d2 5d1
_ 680 15.326 5d2 5d1 5d1
_ 681 15.342 5d1 5d1 5d1
_ 682 15.359 5d2 5d2 5d1
_ 683 15.374 5d2 5d1 5d1
_ 684 15.390 5d1 5d1 5d1
_ 685 15.406 5d1 5d1 5d1
_ 686 15.438 5d1 5d1 5d1
_ 687 15.454 5d2 5d2 5d1
_ 688 15.470 5d1 5d1 5d0
_ 689 15.486 5d1 5d1 5d1
_ 690 15.502 5d1 5d1 5d0
_ 691 15.518 5cb 5d1 5d1
_ 692 15.550 5d1 5d1 5d1
_ 693 15.566 5d1 5d1 5d1
_ 694 15.582 5d2 5d2 5d1
_ 695 15.598 5d1 5d1 5d0
_ 696 15.614 5d1 5d1 5d1
_ 697 15.630 5d1 5d1 5d0
_ 698 15.646 5d1 5d1 5d1
_ 699 15.679 5d2 5d2 5d1
_ 700 15.694 5d2 5d1 5d1
_ 701 15.710 5d1 5d1 5d1
_ 702 15.726 5d2 5d2 5d1
_ 703 15.742 5d1 5d1 5d0
_ 704 15.758 5d2 5d1 5d1
_ 705 15.790 5d2 5d1 5d1
_ 706 15.806 5d1 5d1 5d1
_ 707 15.822 5d1 5d1 5d0
_ 708 15.838 5d2 5d0 5d1
_ 709 15.854 5d1 5d1 5d0
_ 710 15.870 5d2 5d1 5d1
_ 711 15.902 5d2 5d2 5d1
_ 712 15.918 5d1 5d1 5d1
_ 713 15.934 5d1 5d1 5d1
_ 714 15.950 5cb 5d1 5d1
_ 715 15.966 5d1 5d1 5d1
_ 716 15.982 5d1 5d1 5d0
_ 717 16.014 5d1 5d1 5d1
_ 718 16.030 5d1 5d1 5d1
_ 719 16.046 5d2 5d2 5d1
_ 720 16.062 5d1 5d1 5d1
_ 721 16.079 5d1 5d1 5d0
_ 722 16.094 5d1 5d1 5d1
_ 723 16.110 5d1 5d1 5d1
_ 724 16.142 5d2 5d2 5d1
_ 725 16.158 5d1 5d1 5d0
_ 726 16.174 5d2 5d2 5d1
_ 727 16.190 5d2 5d2 5d1
_ 728 16.206 5d1 5d1 5d1
_ 729 16.222 5d2 5d1 5d1
_ 730 16.254 5d1 5d1 5d1
_ 731 16.270 5d1 5d1 5d1
_ 732 16.286 5d2 5d2 5d1
_ 733 16.302 5d2 5d1 5d1
_ 734 16.318 5d2 5d1 5d1
_ 735 16.334 5d1 5d1 5d1
_ 736 16.366 5d1 5d1 5d1
_ 737 16.382 5d1 5d1 5d0
_ 738 16.398 5cb 5d1 5d1
_ 739 16.414 5d2 5d2 5d1
_ 740 16.430 5d2 5d2 5d1
_ 741 16.446 5d1 5d1 5d1
_ 742 16.478 5d2 5d2 5d1
_ 743 16.494 5d1 5d1 5d1
_ 744 16.510 5d1 5d1 5d1
_ 745 16.526 5d1 5d1 5d0
_ 746 16.542 5d1 5d1 5d1
_ 747 16.558 5d1 5d1 5d1
_ 748 16.574 5d1 5d1 5d1
_ 749 16.606 5d1 5d1 5d0
_ 750 16.622 5d1 5d1 5d1
_ 751 16.638 5d1 5d1 5d1
_ 752 16.654 5d2 5d2 5d1
_ 753 16.670 5d2 5d2 5d1
_ 754 16.686 5d2 5ce 5d1
_ 755 16.718 5d1 5d1 5d0
_ 756 16.734 5d2 5d2 5d1
_ 757 16.750 5d1 5d1 5d1
_ 758 16.766 5d1 5d1 5d1
_ 759 16.782 5d2 5d2 5d1
_ 760 16.798 5d1 5d1 5d1
_ 761 16.830 5d2 5ce 5d1
_ 762 16.846 5d1 5d1 5d1
_ 763 16.863 5d1 5d1 5d1
_ 764 16.878 5d2 5d2 5d1
_ 765 16.894 5d1 5d1 5d1
_ 766 16.910 5d1 5d1 5d1
_ 767 16.942 5d1 5d1 5d1
_ 768 16.958 5d2 5d1 5d1
_ 769 16.974 5d2 5d2 5d1
_ 770 16.990 5d2 5d1 5d1
_ 771 17.006 5d2 5d2 5d1
_ 772 17.023 5d2 5ce 5d1
_ 773 17.038 5d1 5d1 5d1
_ 774 17.070 5d2 5d2 5d1
_ 775 17.086 5d1 5d1 5d0
_ 776 17.102 5d2 5d2 5d1
_ 777 17.118 5d1 5d1 5d0
_ 778 17.134 5d1 5d1 5d1
_ 779 17.150 5d1 5d1 5d1
_ 780 17.182 5d2 5d1 5d1
_ 781 17.198 5d1 5d1 5d0
_ 782 17.214 5d2 5d2 5d1
_ 783 17.230 5d1 5d1 5d0
_ 784 17.246 5d2 5d2 5d1
_ 785 17.262 5d1 5d1 5d1
_ 786 17.294 5d1 5d1 5d1
_ 787 17.310 5d2 5d1 5d1
_ 788 17.326 5d2 5ce 5d1
_ 789 17.342 5d2 5d1 5d1
_ 790 17.358 5d1 5d1 5d0
_ 791 17.374 5d1 5d1 5d0
_ 792 17.406 5d1 5d1 5d0
_ 793 17.422 5d1 5d1 5d1
_ 794 17.438 5d1 5d1 5d1
_ 795 17.454 5d2 5d1 5d1
_ 796 17.470 5d1 5d1 5d0
_ 797 17.486 5d1 5d1 5d1
_ 798 17.502 5d1 5d1 5d0
_ 799 17.534 5d2 5d2 5d1
_ 800 17.550 5d2 5d1 5d1
_ 801 17.566 5d1 5d1 5d1
_ 802 17.582 5d1 5d1 5d1
_ 803 17.598 5d1 5d1 5d1
_ 804 17.614 5d2 5d2 5d1
_ 805 17.646 5d1 5d1 5d0
_ 806 17.662 5d2 5d2 5d1
_ 807 17.679 5d1 5d1 5d0
_ 808 17.694 5d1 5d1 5d1
_ 809 17.710 5d2 5d2 5d1
_ 810 17.726 5d1 5d1 5d1
_ 811 17.758 5d2 5d2 5d1
_ 812 17.774 5d1 5d1 5d1
_ 813 17.790 5d1 5d1 5d1
_ 814 17.806 5d1 5d1 5d1
_ 815 17.822 5d2 5d1 5d1
_ 816 17.838 5d2 5d2 5d1
_ 817 17.870 5d1 5d1 5d1
_ 818 17.886 5d2 5ce 5d1
_ 819 17.902 5d1 5d1 5d0
_ 820 17.918 5d1 5d1 5d1
_ 821 17.934 5d1 5d1 5d0
_ 822 17.950 5d1 5d1 5d1
_ 823 17.966 5d1 5d1 5d0
_ 824 17.998 5d2 5d2 5d1
_ 825 18.014 5d2 5d1 5d1
_ 826 18.030 5d2 5d2 5d1
_ 827 18.046 5d1 5d1 5d1
_ 828 18.062 5d2 5d1 5d1
_ 829 18.078 5d2 5ce 5d1
_ 830 18.110 5cb 5d1 5d1
_ 831 18.126 5d1 5d1 5d1
_ 832 18.142 5d2 5ce 5d1
_ 833 18.158 5d1 5d1 5d1
_ 834 18.174 5d1 5d1 5d1
_ 835 18.190 5d1 5d1 5d1
_ 836 18.222 5d1 5d1 5d1
_ 837 18.238 5d1 5d1 5d0
_ 838 18.254 5d1 5d1 5d1
_ 839 18.270 5d1 5d1 5d1
_ 840 18.286 5d1 5d1 5d1
_ 841 18.302 5d1 5d1 5d1
_ 842 18.334 5d2 5d1 5d1
_ 843 18.350 5d2 5d1 5d1
_ 844 18.366 5d2 5ce 5d1
_ 845 18.382 5d1 5d1 5d1
_ 846 18.398 5d1 5d1 5d1
_ 847 18.414 5d1 5d1 5d1
_ 848 18.430 5d2 5d2 5d1
_ 849 18.462 5d1 5d1 5d1
_ 850 18.479 5d1 5d1 5d1
_ 851 18.494 5d1 5d1 5d0
_ 852 18.510 5d2 5d2 5d1
_ 853 18.526 5d2 5d1 5d1
_ 854 18.542 5d1 5d1 5d1
_ 855 18.574 5d1 5d1 5d1
_ 856 18.590 5d1 5d1 5d1
_ 857 18.606 5d1 5d1 5d1
_ 858 18.622 5d1 5d1 5d1
_ 859 18.638 5d2 5ce 5d1
_ 860 18.654 5d2 5d2 5d1
_ 861 18.686 5d1 5d1 5d0
_ 862 18.702 5d1 5d1 5d1
_ 863 18.718 5d2 5ce 5d1
_ 864 18.734 5d1 5d1 5d1
_ 865 18.750 5d2 5d2 5d1
_ 866 18.766 5d2 5d2 5d1
_ 867 18.798 5d2 5d1 5d1
_ 868 18.814 5d1 5d1 5d1
_ 869 18.830 5d1 5d1 5d1
_ 870 18.846 5d2 5d2 5d1
_ 871 18.862 5d1 5d1 5d1
_ 872 18.878 5d1 5d1 5d0
_ 873 18.894 5d1 5d1 5d1
_ 874 18.926 5d1 5d1 5d1
_ 875 18.942 5d2 5d2 5d1
_ 876 18.958 5d1 5d1 5d1
_ 877 18.974 5d1 5d1 5d1
_ 878 18.990 5d1 5d1 5d1
_ 879 19.006 5d1 5d1 5d1
_ 880 19.038 5d1 5d1 5d0
_ 881 19.054 5d1 5d1 5d0
_ 882 19.070 5d1 5d1 5d1
_ 883 19.086 5d1 5d1 5d1
_ 884 19.102 5d1 5d1 5d1
_ 885 19.118 5d1 5d1 5d1
_ 886 19.150 5d2 5d2 5d1
_ 887 19.166 5d1 5d1 5d1
_ 888 19.182 5d1 5d1 5d1
_ 889 19.198 5d1 5d1 5d0
_ 890 19.214 5d1 5d1 5d1
_ 891 19.231 5d1 5d1 5d0
_ 892 19.262 5d2 5d1 5d1
_ 893 19.278 5cb 5d1 5d1
_ 894 19.294 5d1 5d1 5d1
_ 895 19.310 5d2 5d2 5d1
_ 896 19.326 5d1 5d1 5d0
_ 897 19.342 5d2 5d1 5d1
_ 898 19.358 5d2 5d2 5d1
_ 899 19.390 5d1 5d1 5d1
_ 900 19.406 5d1 5d1 5d0
_ 901 19.422 5d1 5d1 5d1
_ 902 19.438 5d1 5d1 5d1
_ 903 19.454 5d1 5d1 5d1
_ 904 19.470 5d1 5d1 5d1
_ 905 19.502 5d2 5d1 5d1
_ 906 19.518 5d1 5d1 5d0
_ 907 19.534 5d1 5d1 5d0
_ 908 19.550 5d1 5d1 5d0
_ 909 19.566 5d1 5d1 5d1
_ 910 19.582 5d1 5d1 5d1
_ 911 19.614 5d1 5d1 5d1
_ 912 19.630 5d2 5ce 5d1
_ 913 19.646 5d1 5d1 5d1
_ 914 19.662 5d2 5d1 5d1
_ 915 19.679 5d2 5d1 5d1
_ 916 19.694 5d1 5d1 5d0
_ 917 19.726 5d1 5d1 5d1
_ 918 19.742 5d1 5d1 5d1
_ 919 19.758 5d2 5d1 5d1
_ 920 19.774 5d1 5d1 5d1
_ 921 19.790 5d1 5d1 5d1
_ 922 19.806 5d2 5ce 5d1
_ 923 19.822 5d1 5d1 5d1
_ 924 19.854 5d2 5d2 5d1
_ 925 19.870 5d1 5d1 5d0
_ 926 19.886 5d1 5d1 5d1
_ 927 19.902 5d1 5d1 5d1
_ 928 19.918 5d1 5d1 5d1
_ 929 19.934 5d2 5d2 5d1
_ 930 19.966 5d1 5d1 5d1
_ 931 19.982 5d1 5d1 5d1
_ 932 19.998 5d1 5d1 5d1
_ 933 20.014 5d1 5d1 5d1
_ 934 20.030 5d1 5d1 5d1
_ 935 20.046 5d1 5d1 5d1
_ 936 20.078 5d1 5d1 5d0
_ 937 20.094 5d1 5d1 5d0
_ 938 20.110 5d2 5d2 5d1
_ 939 20.126 5d1 5d1 5d1
_ 940 20.142 5d2 5d2 5d1
_ 941 20.158 5d1 5d1 5d0
_ 942 20.190 5cb 5d1 5d1
_ 943 20.206 5d1 5d1 5d1
_ 944 20.222 5d1 5d1 5d1
_ 945 20.238 5d2 5d2 5d1
_ 946 20.254 5d1 5d1 5d1
_ 947 20.270 5d1 5d1 5d0
_ 948 20.286 5d2 5d2 5d1
_ 949 20.318 5d1 5d1 5d0
_ 950 20.335 5d1 5d1 5d1
_ 951 20.350 5d1 5d1 5d1
_ 952 20.366 5d2 5d1 5d1
_ 953 20.382 5d1 5d1 5d1
_ 954 20.399 5d2 5d1 5d1
_ 955 20.430 5d1 5d1 5d0
_ 956 20.446 5d1 5d1 5d1
_ 957 20.461 5d1 5d1 5d1
_ 958 20.477 5d2 5d2 5d1
_ 959 20.493 5d1 5d1 5d1
_ 960 20.509 5d2 5d2 5d1
_ 961 20.541 5d2 5d1 5d1
_ 962 20.557 5d1 5d1 5d1
_ 963 20.573 5d1 5d1 5d1
_ 964 20.589 5d2 5d2 5d1
_ 965 20.605 5d2 5d1 5d1
_ 966 20.622 5d2 5d1 5d1
_ 967 20.654 5d2 5d2 5d1
_ 968 20.670 5d2 5d2 5d1
_ 969 20.686 5d1 5d1 5d0
_ 970 20.702 5d2 5d1 5d1
_ 971 20.718 5cb 5d1 5d1
_ 972 20.734 5d2 5d2 5d1
_ 973 20.750 5d1 5d1 5d1
_ 974 20.782 5d1 5d1 5d1
_ 975 20.798 5d2 5ce 5d1
_ 976 20.814 5d2 5d1 5d1
_ 977 20.830 5d1 5d1 5d1
_ 978 20.846 5d2 5d2 5d1
_ 979 20.862 5d2 5d1 5d1
_ 980 20.894 5d2 5ce 5d1
_ 981 20.911 5d1 5d1 5d0
_ 982 20.926 5d1 5d1 5d0
_ 983 20.942 5d1 5d1 5d1
_ 984 20.958 5d2 5d2 5d1
_ 985 20.974 5d1 5d1 5d1
_ 986 21.006 5d2 5d2 5d1
_ 987 21.022 5d1 5d1 5d1
_ 988 21.038 5d1 5d1 5d1
_ 989 21.054 5d1 5d1 5d1
_ 990 21.070 5d2 5d1 5d1
_ 991 21.086 5d1 5d1 5d1
_ 992 21.118 5d1 5d1 5d1
_ 993 21.134 5d1 5d1 5d0
_ 994 21.150 5d2 5d2 5d1
_ 995 21.166 5d2 5d2 5d1
_ 996 21.182 5d1 5d1 5d0
_ 997 21.198 5d1 5d1 5d1
_ 998 21.214 5d2 5ce 5d1
_ 999 21.246 5d2 5d1 5d1
_ 1000 21.262 5d1 5d1 5d0
_ 1001 21.278 5d1 5d1 5d1
_ 1002 21.294 5d1 5d1 5d1
_ 1003 21.311 5d1 5d1 5d1
_ 1004 21.326 5d1 5d1 5d1
_ 1005 21.358 5d1 5d1 5d1
_ 1006 21.374 5cb 5d1 5d1
_ 1007 21.390 5d2 5d2 5d1
_ 1008 21.406 5d1 5d1 5d1
_ 1009 21.422 5d1 5d1 5d1
_ 1010 21.438 5d1 5d1 5d1
_ 1011 21.470 5cb 5d1 5d1
_ 1012 21.486 5d1 5d1 5d0
_ 1013 21.502 5d1 5d1 5d0
_ 1014 21.518 5d1 5d1 5d1
_ 1015 21.534 5d1 5d1 5d1
_ 1016 21.550 5d1 5d1 5d1
_ 1017 21.582 5d1 5d1 5d1
_ 1018 21.598 5d1 5d1 5d1
_ 1019 21.614 5d2 5d2 5d1
_ 1020 21.630 5d2 5d1 5d1
_ 1021 21.646 5d2 5d2 5d1
_ 1022 21.662 5d1 5d1 5d0
_ 1023 21.678 5d2 5d2 5d1
_ 1024 21.710 5d2 5d1 5d1
_ 1025 21.726 5d1 5d1 5d1
_ 1026 21.742 5d1 5d1 5d1
_ 1027 21.758 5d1 5d1 5d0
_ 1028 21.774 5d1 5d1 5d1
_ 1029 21.790 5d1 5d1 5d0
_ 1030 21.822 5d1 5d1 5d1
_ 1031 21.838 5d2 5d1 5d1
